SMALL DATA SETS - KEY POINTS

OPPONENT


MAP_1 =

    0.3417


MAP_2 =

    0.3627


MAP_3 =

    0.4208


MAP_4 =

    0.3896

-----------------

 RGB

 MAP_1 =

    0.5607


MAP_2 =

    0.3510


MAP_3 =

    0.4497


MAP_4 =

    0.4387

----------------
rgb


MAP_1 =

    0.4117


MAP_2 =

    0.3818


MAP_3 =

    0.3535


MAP_4 =

    0.5509


----------------------


 DENSE

 RGB

 MAP_1 =

    0.6095


MAP_2 =

    0.5609


MAP_3 =

    0.9113


MAP_4 =

    0.4811


 ------


 rgb

 MAP_1 =

    0.5961


MAP_2 =

    0.2839


MAP_3 =

    0.5491


MAP_4 =

    0.2505


--------

opponent

MAP_1 =

    0.6346


MAP_2 =

    0.7969


MAP_3 =

    0.8571


MAP_4 =

    0.4488
